21040
7168
7584
500
25038
20836
34460
44084
31830
32380
30896
43032
14426
49366
20104
11152
8728
23846
3770
45696
32444
47064
42098
39506
15352
46606
21124
86
15630
4640
46856
748
44740
23902
43118
31836
42000
9766
48162
11736
13064
19186
17266
47182
12340
42646
42814
40338
36066
2960
20300
42884
48358
23098
41174
37010
24936
40208
48270
39680
10204
43906
1576
36012
31288
13352
37298
15186
38992
12048
39680
46744
12676
23776
14728
30314
20362
9618
18522
7004
49660
3734
46932
11516
17476
44370
10266
14482
33318
39392
44650
43856
13706
33792
32262
47226
7334
6328
2790
23442
49046
45164
8374
7122
8268
32884
20680
13206
8230
44868
3476
48132
41086
40982
9468
5664
47410
32062
37808
8692
40286
37340
39778
19332
18636
9510
36686
43784
8274
41762
41452
41338
2886
17580
36558
48698
14874
49654
3108
39764
10188
44692
37618
10582
30122
10760
2096
15624
13260
43022
18354
27972
29512
8666
11092
24840
3720
11074
17916
12638
44936
31168
30810
9904
13154
37288
49772
37540
21384
17648
21614
11526
10944
19092
26986
26376
9688
26092
25852
46238
47216
24572
28142
10352
49768
16142
36958
43032
35892
47876
14196
44368
21684
18390
41242
31776
37358
4402
1304
43330
22988
22230
8324
49096
37970
36658
3578
34758
6346
10352
46706
22760
14346
17824
8308
46092
47496
13904
16724
35042
47838
28442
1662
15988
4634
39604
24148
4454
49748
22324
6996
24746
29678
14118
26190
4468
28476
32466
11180
49644
16694
38140
45520
33158
36568
24966
30318
30398
20738
218
47688
15096
13502
1350
33474
14728
5310
44718
49544
16296
38044
42976
49976
17726
35582
37138
29220
18864
41906
18424
37198
47364
17036
19750
4810
31858
16760
32370
10144
5034
34772
4898
22518
7784
28418
24864
27334
19308
16096
35104
21670
37590
13136
29506
48660
4408
12376
17282
4514
20858
47340
35586
37524
42846
25144
37608
6226
13910
36634
2364
7268
42298
21988
25278
19000
2518
34258
1368
13850
20104
22028
35584
16822
36664
14414
6512
13648
10880
3600
21742
39842
2938
49474
30452
25830
26848
40940
16992
45696
4514
34148
19070
3076
45986
17820
15184
36838
47866
240
7566
33148
22676
21592
25604
4426
34306
21834
33372
24178
4052
19426
15534
41224
26372
25566
36142
3650
31242
1494
6672
10606
27826
4448
40698
9896
43668
11408
32728
12644
18018
35524
11524
24682
16756
17626
20256
32340
47210
21700
45790
48210
26156
33568
44880
31352
47688
26788
39490
1364
42162
8160
23632
34534
46030
25696
9804
30424
8690
5602
40882
20342
25880
49330
23448
26218
4078
45922
49330
5434
18864
32508
46422
35096
28922
15840
10508
32254
7324
22910
32578
19910
38026
15130
32266
14336
49226
40968
20920
32068
39042
41850
36044
13068
28342
42996
17568
34524
37654
18154
31812
30014
1840
36902
6494
41494
1470
2484
26186
1324
19282
1422
26688
46898
3926
23462
10576
14470
37132
46168
27662
626
12850
25306
27120
38680
20012
36440
11064
18038
8020
35500
3520
29164
49014
41908
29638
27770
49416
41916
13088
31360
31792
6884
35784
14544
44638
39982
40410
2400
39880
32840
4128
20392
21862
39160
23106
22166
39088
49068
33970
7460
46416
45274
6116
8486
6900
5292
33554
17350
4862
30890
23716
44506
19622
3602
34656
5036
18984
48826
35158
18594
21268
10764
5584
20462
49038
32448
14850
14454
19288
44744
4076
45562
16510
11724
35536
28444
49164
18576
23100
20810
42464
15060
21558
24598
44660
5780
9846
20080
9330
42546
15778
8688
22166
3534
21010
26394
20864
27714
3546
15346
32060
40978
42234
23368
28598
10110
43210
41116
48880
18820
27486
46748
30526
14138
28274
40226
17084
9072
4578
5350
13808
27168
35630
4110
25102
17242
2686
17714
30218
38746
6334
32738
9674
3296
28254
46588
49952
27984
158
47236
36486
17798
41942
15978
34356
8190
196
8208
24278
498
2850
44914
24750
10960
7178
40340
48894
28458
7370
46722
32776
43886
43804
2868
17748
46792
5784
14624
32230
27684
41648
4236
6440
6408
39506
38836
44662
49598
39814
23180
11152
5776
2026
40916
23632
27216
27858
44682
37404
32016
8916
38710
41256
11604
46398
43210
48312
36576
6240
6250
29876
47524
35732
22638
47360
40184
9976
12124
23052
43802
48294
22424
31490
13734
38782
39938
38324
33800
23666
30604
11132
30176
45882
9000
37320
2274
4262
33814
49208
48608
46288
10642
17250
35056
4762
36906
27684
49394
31972
2868
12886
484
14428
4962
47056
7192
30348
3356
29156
18074
21996
44508
6552
45622
21148
20242
10236
13572
33360
2274
33494
35734
35344
42100
45138
31880
1338
32018
45750
23038
31626
11224
27100
33974
17760
9878
44438
17434
32818
7388
43306
21396
6988
44746
26096
19594
46140
6914
17418
42984
48342
42226
30884
44122
37746
12522
39704
19124
2646
49256
8288
49232
31104
11832
40198
12514
13708
8908
38542
18384
14598
18740
49412
40550
32708
29172
14630
25944
30496
24668
49868
15624
14732
26958
21546
9428
48496
12194
42618
10102
1144
38868
35590
9192
41398
23574
9296
41794
48788
18204
21142
1488
30736
25452
10626
29376
19348
29016
21280
44906
22598
43178
26996
6044
16548
36302
26300
15056
17514
5450
45996
27010
25058
39466
6674
19378
34472
11682
41114
20688
19504
33320
19978
25250
1582
15284
11518
36898
37734
8254
28190
29506
28590
5726
35764
22426
33120
14050
41374
48720
7944
8878
42796
27800
2390
16970
19234
10712
26624
27948
26324
41690
48212
28452
25686
2256
9920
18326
14304
31410
19476
9102
7324
45730
16274
24730
1322
20730
11130
49412
18988
4498
24796
26120
35300
23608
33030
5322
16794
11024
29418
16250
38300
6208
6394
13876
36020
4246
13638
15650
38210
40242
47566
30266
30454
18814
42358
36910
34050
12818
36016
25316
49476
17328
35848
45030
41264
13474
10358
30086
49500
15610
23046
33060
31760
41264
13522
45844
11184
128
36468
44780
19110
32024
1754
7914
48256
41748
23772
32404
6482
33566
30362
29234
9226
9156
42520
38728
11232
47252
23564
26154
44894
37926
42232
38778
33642
33518
32852
4518
36816
14734
3528
31010
24708
45098
3882
14730
684
10760
31602
41402
23666
38722
38344
45136
7646
30172
6674
28388
48720
40144
42640
7500
11666
31060
45644
32988
26172
21464
49426
49920
10198
15688
36354
30804
24436
22748
12926
46206
27924
8578
38942
48136
5934
31442
47664
31202
27142
30164
16546
12864
47622
1518
36444
36646
18036
45220
11630
25084
39306
40668
13952
2490
22628
33746
18792
31322
48606
30174
36588
24166
19988
32218
11166
45986
16974
19624
21660
16780
16374
30622
336
15692
34492
40142
7250
30548
7418
35032
49510
14088
35148
32360
34594
1892
24582
32072
38590
47866
46132
46056
37306
25854
35930
38960
46134
49008
5148
32388
30436
12326
16166
13988
38970
45018
28178
29792
19288
24914
2416
12918
2514
35548
3578
30496
36388
48052
45484
49426
49954
49966
20066
21542
46202
11832
2714
926
2964
45834
7286
34250
16718
7086
11954
18752
644
38432
21070
30234
4140
33534
14556
17086
9288
22722
9546
842
29672
26420
47438
21294
39034
20698
5344
25738
15182
21824
11362
7714
16892
33464
6086
14388
37824
43588
24226
13708
17700
40050
4482
38920
18126
37786
22804
4650
20240
23872
25230
30420
13346
31388
9720
1934
2480
46680
23574
16592
49598
44340
2368
17400
30884
19406
15196
26274
6798
13494
35134
10844
46862
2274
34058
43952
25476
14104
29438
47782
15722
4916
45248
41984
41954
14896
26726
44150
5224
6504
16114
28572
38994
874
11976
3186
18178
8946
564
1774
16348
37726
7826
3448
46162
45974
42310
654
21628
35340
3980
36794
21490
31358
15308
36166
42666
21932
14260
11492
41180
42440
10050
10812
12448
26816
44366
30302
33840
4560
37630
37238
5540
11000
46612
42154
17230
11824
9152
826
44552
25278
42622
41172
39886
36634
1820
2286
33226
12706
38706
14278
14372
19614
18808
16174
22612
18286
25982
38470
1498
2920
29362
25572
49216
30918
15958
24156
1856
33064
10146
37812
43954
566
37122
19906
48318
13222
3740
26470
21580
41854
19978
17354
20114
13378
47148
4532
39556
31752
14606
42524
33582
21486
26788
9820
40990
718
18924
40898
43316
12680
21236
2812
14360
35526
38400
18752
26996
45362
39508
17060
24136
29024
26782
5326
29822
46216
4172
45446
28310
32522
37224
8550
22054
8496
18692
48550
22268
2342
11660
13218
1394
48036
32318
8934
38680
5898
37182
23884
33532
2858
5836
24846
45382
28458
28720
3576
12990
26654
44066
38482
15998
30658
46070
412
35344
4948
31886
18934
7486
3816
10688
5772
28262
42034
9594
4272
2420
39338
15200
33714
15628
15178
7200
2684
34716
18948
40774
21832
32698
21760
13964
5414
23468
25044
30286
11292
18926
11932
47640
30616
876
28128
38892
2722
46394
46576
42984
44498
24570
22916
44742
2570
14696
29990
37262
44224
4308
49034
26198
23784
15158
21594
25164
36728
25544
39544
27244
16880
13372
6924
16486
16294
48172
11408
2618
14826
26374
35866
33000
6678
47968
42234
5046
18192
49950
14068
8198
22138
39530
35468
8174
38348
36102
22090
35930
3348
7408
49918
48750
7244
10594
33706
19370
39042
38920
4600
20408
2502
36388
4902
43586
29808
10996
13372
9386
38954
40642
42904
22870
35086
32442
2556
17472
7778
45080
21114
13624
17328
18542
19048
28194
15802
6598
18670
40388
35896
33322
32598
27984
1766
2268
45732
49708
44362
29340
16100
32544
37110
27730
21530
242
39682
30242
7862
7726
33140
45654
32598
29970
14550
34050
5428
48564
17792
25842
14696
23354
31304
15646
11280
14580
37840
26984
49478
31164
34410
15594
11110
42440
80
40
44104
25236
27466
14850
12356
48650
2256
45314
2798
22740
34594
35320
46044
13340
30146
20800
23994
450
34202
6134
24316
44468
29426
14614
28718
24084
8998
18630
1320
37072
41600
29682
42906
11980
5836
21920
42558
16730
35236
24708
13988
23348
26648
10742
23084
6812
20626
7646
28184
2634
21232
13938
12910
14146
43526
29422
4030
24310
48148
18250
48686
17836
24546
16780
8620
38572
45600
38790
39666
19170
9064
5704
37368
37840
47380
17610
21164
9476
31342
44086
10616
9782
27244
7562
16768
11394
11480
31982
25338
15118
26654
7520
38486
48690
48184
19738
10422
29570
17468
11732
15848
918
16638
21230
34736
5426
36104
8514
37468
9482
5748
33930
31036
22838
39100
23492
20634
2378
27916
14004
44376
46874
30482
49876
6340
36962
30012
38838
26342
37204
25580
6518
23340
928
19542
13532
446
24854
5274
20094
12266
38028
10500
9662
15626
5348
48284
40620
39072
14284
28436
32634
15002
13786
2332
28480
39044
6348
36306
24882
14468
3944
16174
44730
6962
31616
5038
49296
43762
12662
9370
42478
9204
19542
11068
6044
1660
34760
33560
44962
9920
3630
26644
24202
29068
34448
3052
9852
8638
8770
37716
5296
1780
32830
20206
18652
1850
15844
19746
10438
49390
15430
46740
41290
20310
14348
17874
33314
30884
32396
8178
33924
43714
8906
48312
11514
19374
48712
24802
13486
10192
19280
6512
29654
27604
16114
27776
23092
14088
7654
44696
25568
34750
35840
41060
22868
44730
10258
12902
7750
19962
41976
23444
40554
20486
24654
44130
32496
46194
23798
32446
44956
47842
36582
41018
45144
11686
38892
25372
42608
8182
16350
32252
6082
40188
26498
21208
28770
26124
30854
32670
2748
6268
22806
45644
13672
23538
18616
10120
36266
11670
35942
8896
38676
5648
39240
11742
34478
14730
11258
46384
23522
10636
41292
744
13390
0
6960
636
18972
15312
23258
47180
9238
8932
19554
1976
36284
17476
25148
9024
18640
43992
27572
33284
2292
8748
47570
37950
36108
21078
42392
11396
7960
17078
33948
2888
46048
43528
32610
49498
5646
9146
44850
38758
44090
31404
30928
39090
22034
5268
28550
49178
23448
6502
48714
21072
4714
14672
4634
7184
14562
46686
40682
42170
11088
36914
9400
40844
35926
25928
42298
2674
11646
22048
10186
40038
17652
13346
27210
16220
8322
22962
27246
24756
39426
5422
49904
15358
8700
10250
18918
7674
7212
39828
27886
2520
14332
48096
12462
21998
43262
42082
22904
44634
4514
33266
26918
6476
24262
43356
46376
5060
6192
6174
45752
26384
43688
15672
42824
36324
15932
22688
27502
37476
43678
34736
17748
12964
1116
26522
23340
44562
1348
42880
47268
22566
12030
47950
27378
43214
15972
4182
17914
36416
11576
28562
562
24802
8286
38620
38432
41542
8562
42784
43166
32438
28108
4036
30774
34034
168
25930
49618
15344
13680
7078
24952
34830
